0.269821095556288
1.11786353806366
2.24559803128648
3.18450329356145
3.85957837493234
4.37850498573993
4.76041118560636
4.98270879161679
5.0791391314203
5.09759232265495
5.07887736206995
5.04986902018385
5.02443861663482
5.07480212498434
5.27777489207075
5.55643394455376
5.7911483257748
5.94439138498721
6.02265474215236
6.04884925371541
6.04648183079539
6.03296277632196
6.08594331049988
6.28699026314892
6.56236783483427
6.79412652676152
6.94534589125695
7.02251631808146
7.04829701598775
7.04590777551759
7.03253460694856
7.0182356183013
7.00741261842835
7.00094478595932
7.06547520508635
7.27681269532685
7.55918433987508
7.79468917035491
7.94730313372076
8.02452114788183
8.04978054454356
8.04677582278634
8.03291436509336
8.01831134315673
8.0073424056926
8.00083327482999
7.99792146008016
7.9972802922164
7.99774945163136
7.99855036681404
7.99927212749579
7.99976646681517
8.00003354305599
8.0001347419309
8.00014016077278
8.0001045793461
8.00006167356257
8.00002732115834
8.0000057686061
7.99999531518648
7.99999226405967
7.99999309186954
7.99999529755011
7.99999747687875
7.99999905730044
7.99999996406127
8.00000034807061
7.93254513878442
7.72053444347774
7.43860069671645
7.20387427499636
7.05196925275965
6.97524021610664
6.95024705917175
6.95335423704898
6.96722289590477
6.98179185458003
6.99271888574904
6.99919417990212
6.93462934504921
6.72324943810996
6.44084351896871
6.20531702297835
6.05269244496316
5.97547124202224
5.95021258239151
5.95321946289422
5.96708308374361
5.9142324131032
5.71319165439489
5.43776755438719
5.20595312462607
5.05468925983907
4.97749097871585
4.9516968136807
4.95408215978416
4.9674564364203
4.91430302527839
4.71311824215277
4.43765449680705
4.20585420670716
4.05462286893617
3.9774559286833
3.95168415844769
3.88662688991996
3.68799578060514
3.42036476598739
3.19646297376109
3.05102610129701
2.9772216093678
2.95290108746814
2.95556981734028
2.9686596738574
2.91506419479233
2.71349154572941
2.4377669635249
2.20582865365984
2.05454723586044
1.97738002989116
1.95162862906264
1.95405002594729
1.96744785479058
1.91430648154216
1.71312573510533
1.43766163435452
1.20585927168197
1.05462571171262
0.977457087091652
0.951684308983194
0.954081857675358
0.967461253074941
0.981763929220798
0.992588573387146
0.999056763046153
0.934526073413364
0.723188126541462
0.440816071737657
0.205310960841868
0.0526968463201994
-0.0245212248528577
-0.0497806242808208
-0.046775882150707
-0.0329144000300134
-0.0183113585829333
-0.00734240890254262
-0.00083327213093439
0.00207854432987739
0.00271971171001346
0.00225055103598768
0.00144963461385042
0.000727873035185238
0.000233533202288263
-3.3543255224398e-05
-0.000134742165826322
-0.000140160959047505
-0.000104579462024544
-6.16736181746613e-05
-2.7321174042957e-05
-5.7686010947247e-06
4.68482572859607e-06
7.73595221626438e-06
6.90813900420392e-06
4.7024547529708e-06
2.52312327591572e-06
9.42699872874907e-07
3.59382539511614e-08
-3.4807129048633e-07
0.0674548612150047
0.279465556521886
0.561399303283356
0.796125725003572
0.948030747240358
1.02475978389339
1.04975294082829
1.04664576295105
1.03277710409524
1.01820814541998
1.00728111425096
1.00080582009788
1.06537065495079
1.27675056189004
1.55915648103129
1.79468297702165
1.94730755503684
2.02452875797776
2.04978741760849
2.04678053710578
2.03291691625639
2.0857675868968
2.28680834560511
2.56223244561281
2.79404687537394
2.94531074016093
3.02250902128415
3.0483031863193
3.04591784021584
3.0325435635797
3.08569697472161
3.28688175784723
3.56234550319295
3.79414579329284
3.94537713106384
4.02254407131671
4.04831584155232
4.11337311008004
4.31200421939486
4.57963523401262
4.80353702623891
4.94897389870299
5.0227783906322
5.04709891253187
5.04443018265972
5.03134032614261
5.08493580520767
5.28650845427059
5.5622330364751
5.79417134634017
5.94545276413957
6.02261997010885
6.04837137093736
6.04594997405271
6.03255214520942
6.08569351845785
6.28687426489467
6.56233836564548
6.79414072831804
6.94537428828739
7.02254291290835
7.04831569101681
7.04591814232464
7.03253874692506
7.0182360707792
7.00741142661285
7.00094323695385
7.06547392658663
7.27681187345854
7.55918392826234
7.79468903915813
7.9473031536798
8.02452122485286
8.04978062428082
8.04677588215071
8.03291440003001
8.01831135858293
8.00734240890254
8.00083327213093
7.99792145567012
7.99728028828999
7.99774944896402
7.99855036538615
7.99927212696482
7.99976646679771
8.00003354325523
8.00013474216583
8.00014016095905
8.00010457946203
8.00006167361818
8.00002732117404
8.0000057686011
7.99999531517427
7.99999226404779
7.999993091861
7.99999529754525
7.99999747687673
7.99999905730013
7.99999996406175
8.00000034807129
7.932545138785
7.72053444347812
7.43860069671665
7.20387427499643
7.05196925275964
6.97524021610661
6.95024705917171
6.95335423704895
6.96722289590476
6.98179185458002
6.99271888574904
6.99919417990212
6.93462934504921
6.72324943810996
6.44084351896871
6.20531702297835
6.05269244496316
5.97547124202224
5.95021258239151
5.95321946289422
5.96708308374361
5.9142324131032
5.71319165439489
5.43776755438719
5.20595312462607
5.05468925983907
4.97749097871585
4.9516968136807
4.95408215978416
4.9674564364203
4.91430302527839
4.71311824215277
4.43765449680705
4.20585420670716
4.05462286893617
3.9774559286833
3.95168415844769
3.88662688991996
3.68799578060514
3.42036476598739
3.19646297376109
3.05102610129701
2.9772216093678
2.95290108746814
2.95556981734028
2.9686596738574
2.91506419479233
2.71349154572941
2.4377669635249
2.20582865365984
2.05454723586044
1.97738002989116
1.95162862906264
1.95405002594729
1.96744785479058
1.91430648154216
1.71312573510533
1.43766163435452
1.20585927168197
1.05462571171262
0.977457087091652
0.951684308983194
0.954081857675358
0.967461253074941
0.981763929220798
0.992588573387146
0.999056763046153
0.934526073413364
0.723188126541462
0.440816071737657
0.205310960841868
0.0526968463201994
-0.0245212248528577
-0.0497806242808208
-0.046775882150707
-0.0329144000300134
-0.0183113585829333
-0.00734240890254262
-0.00083327213093439
0.00207854432987739
0.00271971171001346
0.00225055103598768
0.00144963461385042
0.000727873035185238
0.000233533202288263
-3.3543255224398e-05
-0.000134742165826322
-0.000140160959047505
-0.000104579462024544
-6.16736181746613e-05
-2.7321174042957e-05
-5.7686010947247e-06
4.68482572859607e-06
7.73595221626438e-06
6.90813900420392e-06
4.7024547529708e-06
2.52312327591572e-06
9.42699872874907e-07
3.59382539511614e-08
-3.4807129048633e-07
0.0674548612150047
0.279465556521886
0.561399303283356
0.796125725003572
0.948030747240358
1.02475978389339
1.04975294082829
1.04664576295105
1.03277710409524
1.01820814541998
1.00728111425096
1.00080582009788
1.06537065495079
1.27675056189004
1.55915648103129
1.79468297702165
1.94730755503684
2.02452875797776
2.04978741760849
2.04678053710578
2.03291691625639
2.0857675868968
2.28680834560511
2.56223244561281
2.79404687537394
2.94531074016093
3.02250902128415
3.0483031863193
3.04591784021584
3.0325435635797
3.08569697472161
3.28688175784723
3.56234550319295
3.79414579329284
3.94537713106384
4.02254407131671
4.04831584155232
4.11337311008004
4.31200421939486
4.57963523401262
4.80353702623891
4.94897389870299
5.0227783906322
5.04709891253187
5.04443018265972
5.03134032614261
5.08493580520767
5.28650845427059
5.5622330364751
5.79417134634017
5.94545276413957
6.02261997010885
6.04837137093736
6.04594997405271
6.03255214520942
6.08569351845785
6.28687426489467
6.56233836564548
6.79414072831804
6.94537428828739
7.02254291290835
7.04831569101681
7.04591814232464
7.03253874692506
7.0182360707792
7.00741142661285
7.00094323695385
7.06547392658663
7.27681187345854
7.55918392826234
7.79468903915813
7.9473031536798
8.02452122485286
8.04978062428082
8.04677588215071
8.03291440003001
8.01831135858293
8.00734240890254
8.00083327213093
7.99792145567012
7.99728028828999
7.99774944896402
7.99855036538615
7.99927212696482
7.99976646679771
8.00003354325523
8.00013474216583
8.00014016095905
8.00010457946203
8.00006167361818
8.00002732117404
8.0000057686011
7.99999531517427
7.99999226404779
7.999993091861
7.99999529754525
7.99999747687673
7.99999905730013
7.99999996406175
8.00000034807129
7.932545138785
7.72053444347812
7.43860069671665
7.20387427499643
7.05196925275964
6.97524021610661
6.95024705917171
6.95335423704895
6.96722289590476
6.98179185458002
6.99271888574904
6.99919417990212
6.93462934504921
6.72324943810996
6.44084351896871
6.20531702297835
6.05269244496316
5.97547124202224
5.95021258239151
5.95321946289422
5.96708308374361
5.9142324131032
5.71319165439489
5.43776755438719
5.20595312462607
5.05468925983907
4.97749097871585
4.9516968136807
4.95408215978416
4.9674564364203
4.91430302527839
4.71311824215277
4.43765449680705
4.20585420670716
4.05462286893617
3.9774559286833
3.95168415844769
3.88662688991996
3.68799578060514
3.42036476598739
3.19646297376109
3.05102610129701
2.9772216093678
2.95290108746814
2.95556981734028
2.9686596738574
2.91506419479233
2.71349154572941
2.4377669635249
2.20582865365984
2.05454723586044
1.97738002989116
1.95162862906264
1.95405002594729
1.96744785479058
1.91430648154216
1.71312573510533
1.43766163435452
1.20585927168197
1.05462571171262
0.977457087091652
0.951684308983194
0.954081857675358
0.967461253074941
0.981763929220798
0.992588573387146
0.999056763046153
0.934526073413364
0.723188126541462
0.440816071737657
0.205310960841868
0.0526968463201994
-0.0245212248528577
-0.0497806242808208
-0.046775882150707
-0.0329144000300134
-0.0183113585829333
-0.00734240890254262
-0.00083327213093439
0.00207854432987739
0.00271971171001346
0.00225055103598768
0.00144963461385042
0.000727873035185238
0.000233533202288263
-3.3543255224398e-05
-0.000134742165826322
-0.000140160959047505
-0.000104579462024544
-6.16736181746613e-05
-2.7321174042957e-05
-5.7686010947247e-06
4.68482572859607e-06
7.73595221626438e-06
6.90813900420392e-06
4.7024547529708e-06
2.52312327591572e-06
9.42699872874907e-07
3.59382539511614e-08
-3.4807129048633e-07
0.0674548612150047
0.279465556521886
0.561399303283356
0.796125725003572
0.948030747240358
1.02475978389339
1.04975294082829
1.04664576295105
1.03277710409524
1.01820814541998
1.00728111425096
1.00080582009788
1.06537065495079
1.27675056189004
1.55915648103129
1.79468297702165
1.94730755503684
2.02452875797776
2.04978741760849
2.04678053710578
2.03291691625639
2.0857675868968
2.28680834560511
2.56223244561281
2.79404687537394
2.94531074016093
3.02250902128415
3.0483031863193
3.04591784021584
3.0325435635797
3.08569697472161
3.28688175784723
3.56234550319295
3.79414579329284
3.94537713106384
4.02254407131671
4.04831584155232
4.11337311008004
4.31200421939486
4.57963523401262
4.80353702623891
4.94897389870299
5.0227783906322
5.04709891253187
5.04443018265972
5.03134032614261
5.08493580520767
5.28650845427059
5.5622330364751
5.79417134634017
5.94545276413957
6.02261997010885
6.04837137093736
6.04594997405271
6.03255214520942
6.08569351845785
6.28687426489467
6.56233836564548
6.79414072831804
6.94537428828739
7.02254291290835
7.04831569101681
7.04591814232464
7.03253874692506
7.0182360707792
7.00741142661285
7.00094323695385
7.06547392658663
7.27681187345854
7.55918392826234
7.79468903915813
7.9473031536798
8.02452122485286
8.04978062428082
8.04677588215071
8.03291440003001
8.01831135858293
8.00734240890254
8.00083327213093
7.99792145567012
7.99728028828999
7.99774944896402
7.99855036538615
7.99927212696482
7.99976646679771
8.00003354325523
8.00013474216583
8.00014016095905
8.00010457946203
8.00006167361818
8.00002732117404
8.0000057686011
7.99999531517427
7.99999226404779
7.999993091861
7.99999529754525
7.99999747687673
7.99999905730013
7.99999996406175
8.00000034807129
7.932545138785
7.72053444347812
7.43860069671665
7.20387427499643
7.05196925275964
6.97524021610661
6.95024705917171
6.95335423704895
6.96722289590476
6.98179185458002
6.99271888574904
6.99919417990212
6.93462934504921
6.72324943810996
6.44084351896871
6.20531702297835
6.05269244496316
5.97547124202224
5.95021258239151
5.95321946289422
5.96708308374361
5.9142324131032
5.71319165439489
5.43776755438719
5.20595312462607
5.05468925983907
4.97749097871585
4.9516968136807
4.95408215978416
4.9674564364203
4.91430302527839
4.71311824215277
4.43765449680705
4.20585420670716
4.05462286893617
3.9774559286833
3.95168415844769
3.88662688991996
3.68799578060514
3.42036476598739
3.19646297376109
3.05102610129701
2.9772216093678
2.95290108746814
2.95556981734028
2.9686596738574
2.91506419479233
2.71349154572941
2.4377669635249
2.20582865365984
2.05454723586044
1.97738002989116
1.95162862906264
1.95405002594729
1.96744785479058
1.91430648154216
1.71312573510533
1.43766163435452
1.20585927168197
1.05462571171262
0.977457087091652
0.951684308983194
0.954081857675358
0.967461253074941
0.981763929220798
0.992588573387146
0.999056763046153
0.934526073413364
0.723188126541462
0.440816071737657
0.205310960841868
0.0526968463201994
-0.0245212248528577
-0.0497806242808208
-0.046775882150707
-0.0329144000300134
-0.0183113585829333
-0.00734240890254262
-0.00083327213093439
0.00207854432987739
0.00271971171001346
0.00225055103598768
0.00144963461385042
0.000727873035185238
0.000233533202288263
-3.3543255224398e-05
-0.000134742165826322
-0.000140160959047505
-0.000104579462024544
-6.16736181746613e-05
-2.7321174042957e-05
-5.7686010947247e-06
4.68482572859607e-06
7.73595221626438e-06
6.90813900420392e-06
4.7024547529708e-06
2.52312327591572e-06
9.42699872874907e-07
3.59382539511614e-08
-3.4807129048633e-07
0.0674548612150047
0.279465556521886
0.561399303283356
0.796125725003572
0.948030747240358
1.02475978389339
1.04975294082829
1.04664576295105
1.03277710409524
1.01820814541998
1.00728111425096
1.00080582009788
1.06537065495079
1.27675056189004
1.55915648103129
1.79468297702165
1.94730755503684
2.02452875797776
2.04978741760849
2.04678053710578
2.03291691625639
2.0857675868968
2.28680834560511
2.56223244561281
2.79404687537394
2.94531074016093
3.02250902128415
3.0483031863193
3.04591784021584
3.0325435635797
3.08569697472161
3.28688175784723
3.56234550319295
3.79414579329284
3.94537713106384
4.02254407131671
4.04831584155232
4.11337311008004
4.31200421939486
4.57963523401262
4.80353702623891
4.94897389870299
5.0227783906322
5.04709891253187
5.04443018265972
5.03134032614261
5.08493580520767
5.28650845427059
5.5622330364751
5.79417134634017
5.94545276413957
6.02261997010885
6.04837137093736
6.04594997405271
6.03255214520942
6.08569351845785
6.28687426489467
6.56233836564548
6.79414072831804
6.94537428828739
7.02254291290835
7.04831569101681
7.04591814232464
7.03253874692506
7.0182360707792
7.00741142661285
7.00094323695385
7.06547392658663
7.27681187345854
7.55918392826234
7.79468903915813
7.9473031536798
8.02452122485286
8.04978062428082
8.04677588215071
8.03291440003001
8.01831135858293
8.00734240890254
8.00083327213093
7.99792145567012
7.99728028828999
7.99774944896402
7.99855036538615
7.99927212696482
7.99976646679771
8.00003354325523
8.00013474216583
8.00014016095905
8.00010457946203
8.00006167361818
8.00002732117404
8.0000057686011
7.99999531517427
7.99999226404779
7.999993091861
7.99999529754525
7.99999747687673
7.99999905730013
7.99999996406175
8.00000034807129
7.932545138785
7.72053444347812
7.43860069671665
7.20387427499643
7.05196925275964
6.97524021610661
6.95024705917171
6.95335423704895
6.96722289590476
6.98179185458002
6.99271888574904
6.99919417990212
6.93462934504921
6.72324943810996
6.44084351896871
6.20531702297835
6.05269244496316
5.97547124202224
5.95021258239151
5.95321946289422
5.96708308374361
5.9142324131032
5.71319165439489
5.43776755438719
5.20595312462607
5.05468925983907
4.97749097871585
4.9516968136807
4.95408215978416
4.9674564364203
4.91430302527839
4.71311824215277
4.43765449680705
4.20585420670716
4.05462286893617
3.9774559286833
3.95168415844769
3.88662688991996
3.68799578060514
3.42036476598739
3.19646297376109
3.05102610129701
2.9772216093678
2.95290108746814
2.95556981734028
2.9686596738574
2.91506419479233
2.71349154572941
2.4377669635249
2.20582865365984
2.05454723586044
1.97738002989116
1.95162862906264
1.95405002594729
1.96744785479058
1.91430648154216
1.71312573510533
1.43766163435452
1.20585927168197
1.05462571171262
0.977457087091652
0.951684308983194
0.954081857675358
0.967461253074941
0.981763929220798
0.992588573387146
0.999056763046153
0.934526073413364
0.723188126541462
0.440816071737657
0.205310960841868
0.0526968463201994
-0.0245212248528577
-0.0497806242808208
-0.046775882150707
-0.0329144000300134
-0.0183113585829333
-0.00734240890254262
-0.00083327213093439
0.00207854432987739
0.00271971171001346
0.00225055103598768
0.00144963461385042
0.000727873035185238
0.000233533202288263
-3.3543255224398e-05
-0.000134742165826322
-0.000140160959047505
-0.000104579462024544
-6.16736181746613e-05
-2.7321174042957e-05
-5.7686010947247e-06
4.68482572859607e-06
7.73595221626438e-06
6.90813900420392e-06
4.7024547529708e-06
2.52312327591572e-06
9.42699872874907e-07
3.59382539511614e-08
-3.4807129048633e-07
0.0674548612150047
0.279465556521886
0.561399303283356
0.796125725003572
0.948030747240358
1.02475978389339
1.04975294082829
1.04664576295105
1.03277710409524
1.01820814541998
1.00728111425096
1.00080582009788
1.06537065495079
1.27675056189004
1.55915648103129
1.79468297702165
1.94730755503684
2.02452875797776
2.04978741760849
2.04678053710578
2.03291691625639
2.0857675868968
2.28680834560511
2.56223244561281
2.79404687537394
2.94531074016093
3.02250902128415
3.0483031863193
3.04591784021584
3.0325435635797
3.08569697472161
3.28688175784723
3.56234550319295
