0.269821095556288
1.12633882349037
2.28917789490605
3.29856772378067
4.00605125703118
4.43170566110242
4.65972880436127
4.77803620383697
4.85232361266591
4.92135557269188
5.00228735962998
5.09869278774175
5.20754295843156
5.32386897477916
5.44321052599942
5.56248982661025
5.67999976278407
5.79502961046204
5.90744216130804
6.01734491925558
6.12488887633016
6.23017427607699
6.33322599625102
6.43400433972908
6.53242755677727
6.62839315882212
6.7217930075511
6.81252178751913
6.90048048507549
6.98557689017838
7.06772475607093
7.14684265309776
7.22285302616814
7.29568161042297
7.36525717141695
7.43151146749064
7.49437933126499
7.55379879467768
7.6097112137039
7.66206137381861
7.71079757263814
7.75587168347676
7.79723920554525
7.83485930578429
7.86869485566437
7.89871246468978
7.92488251120881
7.94717917049331
7.96558043979059
7.98006816001752
7.99062803383776
7.99724963995845
7.99992644356388
7.99865580285792
7.99343897171616
7.98428109846148
7.97119122077956
7.95418225679012
7.93327099228878
7.90847806417468
7.87982794008045
7.84734889422391
7.81107297950462
7.77103599587185
7.72727745499495
7.67984054127053
7.62877206920496
7.57412243721433
7.51594557788729
7.45429890476011
7.38924325565643
7.32084283264767
7.24916513869325
7.17428091102338
7.0962640513299
7.01519155283424
6.93114342430443
6.84420261109606
6.75445491329529
6.66198890104447
6.56689582713413
6.4692695369475
6.36920637584643
6.26680509409015
6.1621667493807
6.05539460713116
5.94659403855519
5.8358724166783
5.72333901037372
5.60910487652714
5.49328275043702
5.37598693455842
5.25733318570033
5.13743860078763
5.01642150130057
4.89440131650579
4.771498465594
4.6478342388408
4.52353067790785
4.39871045540242
4.27349675381441
4.14801314395005
4.02238346298245
3.89673169223928
3.77118183484813
3.64585779336043
3.52088324747458
3.39638153197901
3.27247551503564
3.14928747692383
3.02693898936452
2.90555079554364
2.78524269095309
2.66613340516716
2.54834048467065
2.4319801768548
2.31716731529506
2.20401520642428
2.09263551771288
1.9831381674666
1.87563121635035
1.77022076074541
1.6670108280451
1.56610327399232
1.46759768216019
1.37159126567513
1.27817877127922
1.1874523858266
1.09950164530618
1.01441334648043
0.932271461227458
0.853157053670902
0.77714820017942
0.704319912314747
0.63474406280434
0.568489314611673
0.505621053174178
0.446201321875717
0.390288760817251
0.337938548946139
0.28920234960118
0.244128259527136
0.202760761409047
0.165140679973199
0.13130514169804
0.101287538174835
0.075117493154192
0.0528208333109979
0.0344195627566099
0.0199318413234527
0.00937196664345715
0.00275036003802331
7.35562334344918e-05
0.00134419691187138
0.00656102810439063
0.0157189014284409
0.0288087791686949
0.045817743196183
0.0667290077169271
0.091521935837493
0.120172059931112
0.152651105784275
0.188927020499968
0.228964004130011
0.272722545005284
0.320159458728976
0.371227930794371
0.42587756278511
0.484054422112349
0.545701095239709
0.610756744343507
0.67915716735234
0.750834861306783
0.825719088976656
0.903735948670129
0.984808447165776
1.06885657569558
1.15579738890394
1.24554508670471
1.33801109895553
1.43310417286587
1.5307304630525
1.63079362415357
1.73319490590985
1.8378332506193
1.94460539286884
2.05340596144481
2.1641275833217
2.27666098962628
2.39089512347286
2.50671724956299
2.62401306544158
2.74266681429967
2.86256139921238
2.98357849869943
3.10559868349421
3.228501534406
3.3521657611592
3.47646932209215
3.60128954459758
3.72650324618559
3.85198685604995
3.97761653701755
4.10326830776073
4.22881816515187
4.35414220663957
4.47911675252542
4.60361846802099
4.72752448496437
4.85071252307618
4.97306101063548
5.09444920445637
5.21475730904691
5.33386659483284
5.45165951532935
5.5680198231452
5.68283268470494
5.79598479357572
5.90736448228711
6.0168618325334
6.12436878364965
6.22977923925459
6.3329891719549
6.43389672600769
6.53240231783981
6.62840873432487
6.72182122872078
6.8125476141734
6.90049835469383
6.98558665351957
7.06772853877255
7.1468429463291
7.22285179982058
7.29568008768525
7.36525593719566
7.43151068538833
7.49437894682582
7.55379867812428
7.60971123918275
7.66206145105386
7.71079765039882
7.75587174047287
7.79723923859095
7.8348593200268
7.86869485830196
7.89871246182517
7.92488250684581
7.947179166689
7.96558043724339
7.98006815867655
7.99062803335655
7.99724963996198
7.99992644376657
7.99865580308813
7.99343897189561
7.98428109857156
7.97119122083131
7.95418225680382
7.93327099228307
7.90847806416251
7.87982794006889
7.84734889421573
7.81107297950004
7.77103599586999
7.72727745499472
7.67984054127102
7.62877206920563
7.57412243721489
7.51594557788765
7.45429890476029
7.3892432556565
7.32084283264766
7.24916513869322
7.17428091102335
7.09626405132987
7.01519155283423
6.93114342430442
6.84420261109606
6.75445491329529
6.66198890104447
6.56689582713413
6.4692695369475
6.36920637584643
6.26680509409015
6.1621667493807
6.05539460713116
5.94659403855518
5.8358724166783
5.72333901037372
5.60910487652714
5.49328275043701
5.37598693455842
5.25733318570033
5.13743860078763
5.01642150130058
4.8944013165058
4.771498465594
4.64783423884081
4.52353067790785
4.39871045540243
4.27349675381441
4.14801314395005
4.02238346298245
3.89673169223928
3.77118183484813
3.64585779336044
3.52088324747459
3.39638153197902
3.27247551503564
3.14928747692383
3.02693898936452
2.90555079554364
2.7852426909531
2.66613340516716
2.54834048467065
2.4319801768548
2.31716731529507
2.20401520642428
2.09263551771288
1.9831381674666
1.87563121635035
1.77022076074541
1.6670108280451
1.56610327399232
1.46759768216019
1.37159126567513
1.27817877127922
1.1874523858266
1.09950164530618
1.01441334648043
0.932271461227458
0.853157053670902
0.77714820017942
0.704319912314747
0.63474406280434
0.568489314611672
0.505621053174177
0.446201321875716
0.390288760817251
0.337938548946139
0.289202349601181
0.244128259527136
0.202760761409047
0.165140679973199
0.13130514169804
0.101287538174835
0.0751174931541914
0.0528208333109974
0.0344195627566095
0.0199318413234525
0.00937196664345706
0.00275036003802332
7.35562334346028e-05
0.00134419691187153
0.00656102810439073
0.0157189014284409
0.0288087791686947
0.0458177431961825
0.0667290077169265
0.0915219358374923
0.120172059931111
0.152651105784275
0.188927020499968
0.22896400413001
0.272722545005283
0.320159458728975
0.371227930794369
0.425877562785107
0.484054422112347
0.545701095239707
0.610756744343506
0.679157167352339
0.750834861306782
0.825719088976653
0.903735948670126
0.984808447165773
1.06885657569558
1.15579738890394
1.24554508670471
1.33801109895553
1.43310417286587
1.5307304630525
1.63079362415357
1.73319490590985
1.8378332506193
1.94460539286884
2.05340596144481
2.1641275833217
2.27666098962628
2.39089512347286
2.50671724956299
2.62401306544158
2.74266681429967
2.86256139921237
2.98357849869943
3.10559868349421
3.228501534406
3.3521657611592
3.47646932209215
3.60128954459758
3.72650324618559
3.85198685604995
3.97761653701755
4.10326830776073
4.22881816515187
4.35414220663957
4.47911675252542
4.60361846802099
4.72752448496437
4.85071252307618
4.97306101063548
5.09444920445637
5.21475730904691
5.33386659483285
5.45165951532936
5.56801982314521
5.68283268470494
5.79598479357572
5.90736448228712
6.0168618325334
6.12436878364965
6.22977923925459
6.3329891719549
6.43389672600768
6.53240231783981
6.62840873432487
6.72182122872078
6.8125476141734
6.90049835469382
6.98558665351957
7.06772853877254
7.1468429463291
7.22285179982058
7.29568008768525
7.36525593719566
7.43151068538833
7.49437894682582
7.55379867812428
7.60971123918275
7.66206145105386
7.71079765039882
7.75587174047287
7.79723923859095
7.8348593200268
7.86869485830196
7.89871246182517
7.92488250684581
7.94717916668901
7.96558043724339
7.98006815867655
7.99062803335654
7.99724963996198
7.99992644376657
7.99865580308813
7.99343897189561
7.98428109857156
7.97119122083131
7.95418225680382
7.93327099228307
7.90847806416251
7.87982794006889
7.84734889421573
7.81107297950004
7.77103599586999
7.72727745499472
7.67984054127102
7.62877206920563
7.57412243721489
7.51594557788765
7.45429890476029
7.3892432556565
7.32084283264766
7.24916513869322
7.17428091102335
7.09626405132987
7.01519155283422
6.93114342430442
6.84420261109606
6.75445491329529
6.66198890104447
6.56689582713413
6.4692695369475
6.36920637584643
6.26680509409015
6.1621667493807
6.05539460713117
5.94659403855519
5.83587241667831
5.72333901037373
5.60910487652715
5.49328275043702
5.37598693455842
5.25733318570033
5.13743860078763
5.01642150130058
4.8944013165058
4.771498465594
4.64783423884081
4.52353067790785
4.39871045540242
4.27349675381441
4.14801314395005
4.02238346298245
3.89673169223928
3.77118183484813
3.64585779336044
3.52088324747459
3.39638153197901
3.27247551503564
3.14928747692383
3.02693898936452
2.90555079554364
2.78524269095309
2.66613340516716
2.54834048467065
2.4319801768548
2.31716731529506
2.20401520642428
2.09263551771289
1.9831381674666
1.87563121635035
1.77022076074541
1.6670108280451
1.56610327399231
1.46759768216019
1.37159126567513
1.27817877127922
1.1874523858266
1.09950164530618
1.01441334648043
0.932271461227457
0.853157053670901
0.777148200179419
0.704319912314746
0.63474406280434
0.568489314611673
0.505621053174178
0.446201321875716
0.39028876081725
0.337938548946138
0.28920234960118
0.244128259527135
0.202760761409047
0.165140679973199
0.13130514169804
0.101287538174835
0.0751174931541915
0.0528208333109972
0.0344195627566092
0.0199318413234521
0.00937196664345684
0.00275036003802321
7.35562334345057e-05
0.00134419691187152
0.006561028104391
0.0157189014284415
0.0288087791686957
0.0458177431961838
0.0667290077169281
0.0915219358374939
0.120172059931113
0.152651105784276
0.188927020499969
0.228964004130012
0.272722545005286
0.320159458728978
0.371227930794373
0.425877562785112
0.48405442211235
0.54570109523971
0.610756744343508
0.679157167352341
0.750834861306785
0.825719088976658
0.903735948670132
0.984808447165779
1.06885657569559
1.15579738890394
1.24554508670471
1.33801109895553
1.43310417286587
1.53073046305249
1.63079362415357
1.73319490590985
1.8378332506193
1.94460539286883
2.05340596144481
2.16412758332169
2.27666098962627
2.39089512347286
2.50671724956298
2.62401306544158
2.74266681429967
2.86256139921237
2.98357849869942
3.1055986834942
3.22850153440599
3.35216576115919
3.47646932209215
3.60128954459757
3.72650324618558
3.85198685604995
3.97761653701755
4.10326830776072
4.22881816515187
4.35414220663956
4.47911675252541
4.60361846802098
4.72752448496436
4.85071252307617
4.97306101063548
5.09444920445636
5.2147573090469
5.33386659483284
5.45165951532934
5.5680198231452
5.68283268470493
5.79598479357572
5.90736448228711
6.0168618325334
6.12436878364965
6.22977923925459
6.3329891719549
6.43389672600769
6.53240231783981
6.62840873432487
6.72182122872078
6.8125476141734
6.90049835469382
6.98558665351957
7.06772853877254
7.1468429463291
7.22285179982058
7.29568008768525
7.36525593719566
7.43151068538833
7.49437894682582
7.55379867812428
7.60971123918275
7.66206145105386
7.71079765039882
7.75587174047287
7.79723923859096
7.8348593200268
7.86869485830196
7.89871246182517
7.92488250684581
7.947179166689
7.96558043724339
7.98006815867655
7.99062803335654
7.99724963996198
7.99992644376657
7.99865580308813
7.99343897189561
7.98428109857156
7.97119122083131
7.95418225680382
7.93327099228307
7.90847806416251
7.87982794006889
7.84734889421573
7.81107297950004
7.77103599586999
7.72727745499472
7.67984054127102
7.62877206920563
7.57412243721489
7.51594557788765
7.45429890476029
7.3892432556565
7.32084283264766
7.24916513869322
7.17428091102335
7.09626405132987
7.01519155283423
6.93114342430442
6.84420261109605
6.75445491329529
6.66198890104447
6.56689582713413
6.4692695369475
6.36920637584643
6.26680509409015
6.1621667493807
6.05539460713116
5.94659403855518
5.8358724166783
5.72333901037372
5.60910487652714
5.49328275043701
5.37598693455842
5.25733318570032
5.13743860078762
5.01642150130057
4.89440131650579
4.77149846559399
4.6478342388408
4.52353067790785
4.39871045540242
4.27349675381441
4.14801314395004
4.02238346298244
3.89673169223927
3.77118183484812
3.64585779336043
3.52088324747459
3.39638153197902
3.27247551503564
3.14928747692383
3.02693898936453
2.90555079554364
2.7852426909531
2.66613340516716
2.54834048467066
2.43198017685481
2.31716731529507
2.20401520642429
2.09263551771289
1.98313816746661
1.87563121635035
1.77022076074541
1.6670108280451
1.56610327399232
1.46759768216019
1.37159126567514
1.27817877127923
1.1874523858266
1.09950164530618
1.01441334648043
0.932271461227462
0.853157053670906
0.777148200179424
0.704319912314751
0.634744062804344
0.568489314611676
0.505621053174181
0.446201321875719
0.390288760817253
0.337938548946141
0.289202349601183
0.244128259527138
0.202760761409049
0.165140679973201
0.131305141698042
0.101287538174836
0.0751174931541926
0.0528208333109983
0.0344195627566101
0.0199318413234529
0.0093719666434574
0.00275036003802352
7.35562334346306e-05
0.00134419691187145
0.00656102810439069
0.015718901428441
0.0288087791686948
0.0458177431961827
0.0667290077169266
0.0915219358374924
0.120172059931112
0.152651105784275
0.188927020499968
0.228964004130011
0.272722545005284
0.320159458728976
0.371227930794369
0.425877562785108
0.484054422112347
0.545701095239708
0.610756744343506
0.67915716735234
0.750834861306783
0.825719088976654
0.903735948670127
0.984808447165774
1.06885657569558
1.15579738890394
1.24554508670471
1.33801109895553
1.43310417286587
1.5307304630525
1.63079362415357
1.73319490590985
1.8378332506193
1.94460539286884
2.05340596144481
2.1641275833217
2.27666098962628
2.39089512347286
2.50671724956299
2.62401306544158
2.74266681429967
2.86256139921237
2.98357849869943
3.10559868349421
3.228501534406
3.3521657611592
3.47646932209215
3.60128954459758
3.72650324618559
3.85198685604995
3.97761653701755
4.10326830776073
4.22881816515188
4.35414220663957
4.47911675252542
4.60361846802099
4.72752448496437
4.85071252307618
4.97306101063548
5.09444920445637
5.21475730904691
5.33386659483285
5.45165951532935
5.56801982314521
5.68283268470494
5.79598479357572
5.90736448228712
6.0168618325334
6.12436878364965
6.2297792392546
6.33298917195491
6.43389672600769
6.53240231783982
6.62840873432487
6.72182122872078
6.81254761417341
6.90049835469383
6.98558665351957
7.06772853877255
7.1468429463291
7.22285179982059
7.29568008768526
7.36525593719566
7.43151068538833
7.49437894682582
7.55379867812428
7.60971123918275
7.66206145105386
7.71079765039882
7.75587174047286
7.79723923859095
7.8348593200268
7.86869485830196
7.89871246182517
7.92488250684581
7.947179166689
7.96558043724339
7.98006815867655
7.99062803335654
7.99724963996198
7.99992644376657
7.99865580308813
7.99343897189561
7.98428109857156
7.97119122083131
7.95418225680382
7.93327099228307
7.90847806416251
7.87982794006889
7.84734889421573
7.81107297950004
7.77103599586999
7.72727745499472
7.67984054127103
7.62877206920563
7.57412243721489
7.51594557788766
7.4542989047603
7.3892432556565
7.32084283264767
7.24916513869322
7.17428091102335
7.09626405132988
7.01519155283423
6.93114342430442
6.84420261109606
6.75445491329529
6.66198890104447
6.56689582713414
6.46926953694751
6.36920637584643
6.26680509409015
6.1621667493807
6.05539460713116
5.94659403855519
5.83587241667831
5.72333901037373
5.60910487652715
5.49328275043702
5.37598693455842
5.25733318570033
5.13743860078763
5.01642150130057
4.8944013165058
4.771498465594
4.64783423884081
4.52353067790785
4.39871045540242
4.27349675381441
4.14801314395005
4.02238346298245
3.89673169223928
3.77118183484813
3.64585779336044
3.52088324747459
3.39638153197901
3.27247551503564
3.14928747692382
3.02693898936452
2.90555079554364
2.78524269095309
2.66613340516716
2.54834048467065
2.4319801768548
2.31716731529507
2.20401520642428
2.09263551771288
1.9831381674666
1.87563121635035
1.77022076074541
1.6670108280451
1.56610327399232
1.46759768216019
1.37159126567513
1.27817877127922
1.1874523858266
1.09950164530618
1.01441334648043
0.932271461227458
0.853157053670902
0.77714820017942
0.704319912314747
0.63474406280434
0.568489314611672
0.505621053174177
0.446201321875716
0.390288760817251
0.337938548946139
0.28920234960118
0.244128259527135
0.202760761409046
0.165140679973198
0.131305141698039
0.101287538174834
0.0751174931541913
0.0528208333109974
0.0344195627566094
0.0199318413234524
0.00937196664345693
0.00275036003802322
7.35562334345378e-05
0.00134419691187156
0.00656102810439094
0.0157189014284414
0.0288087791686954
0.0458177431961836
0.0667290077169281
0.0915219358374943
0.120172059931113
0.152651105784276
0.188927020499968
0.228964004130009
0.272722545005281
0.320159458728972
0.371227930794366
0.425877562785105
0.484054422112344
0.545701095239705
0.610756744343502
0.679157167352336
0.750834861306778
0.82571908897665
0.903735948670122
0.984808447165768
1.06885657569557
1.15579738890394
1.24554508670471
1.33801109895553
1.43310417286586
1.53073046305249
1.63079362415356
1.73319490590984
1.8378332506193
1.94460539286883
2.05340596144481
2.16412758332169
2.27666098962628
2.39089512347286
2.50671724956298
2.62401306544158
2.74266681429967
2.86256139921237
2.98357849869942
3.10559868349421
3.228501534406
3.35216576115919
3.47646932209215
3.60128954459757
