0.128839573128127
0.914227584159761
2.26801290387468
3.40548550501502
4.07592172925076
4.38750691446292
4.58695594877716
4.72677260818352
4.80492199645048
4.91680045900961
5.09201239119111
5.24541805261106
5.35382638889438
5.50007709922697
5.62248767515502
5.78229982572547
5.90903429461836
6.06751583360112
6.28200914921719
6.38215217114157
6.48766773238841
6.5608597874695
6.60095988706132
6.62265069638927
6.551292260151
6.54037418127345
6.63694912969713
6.8375076110271
7.02687575176092
7.07486078497803
7.13720346907461
7.27431984091541
7.40530602088378
7.49841881326878
7.55077361508241
7.57217702327002
7.57502855565967
7.56945244047886
7.56190193241981
7.55557367818184
7.55145746876595
7.5493650351218
7.54867260208866
7.54874492458469
7.54911342525019
7.5495047594841
7.54979992921981
7.54997575907552
7.55005488263375
7.55007273647267
7.55006048073117
7.55003910256434
7.55001972692617
7.55000640589093
7.54999917850179
7.54999641668155
7.54999624345265
7.54999718553921
7.54999833383494
7.54999925741974
7.54999983904084
7.55000012256513
7.55000020653376
7.55000018546898
7.55000012672996
7.55000006828798
7.5500000257375
7.55000000122808
7.54999999077919
7.54999998895384
7.4643317933417
7.28074651898363
7.19194429573276
7.08663215742764
6.83765471530834
6.76181679341322
6.69764203740272
6.41006036092583
6.3533887506198
6.40732838062531
6.24683726038061
6.20100167276025
6.20946705879384
6.15846661060698
6.10207598973655
5.9784039001427
6.0201962505586
6.03334793062442
5.8712590963583
5.64616349488046
5.25005555564074
5.17017111484259
5.31320678447428
5.21489064396029
5.17838240703725
5.06661261479686
4.95393258003866
4.9819068953183
4.92548494289842
4.86428806956977
4.46686488444218
3.95221190185348
3.79312972950578
3.64904232251556
3.60533592522699
3.56629207996086
3.44122309684719
3.6084940435538
3.59970197877621
3.43493490820367
3.41617871123652
3.17404828160201
2.87401108355143
2.63979543004934
2.37587695202784
2.29097826097661
2.29411749630271
2.20391232328743
2.0995136879433
1.89735453530789
1.71815567455033
1.71078590477728
1.76149581746061
1.82249851168308
1.74245069565863
1.51177618013606
1.29600373309551
1.0009231084069
0.752722918673989
0.73452442790497
0.672501609366129
0.594282942880458
0.659323223892054
0.637112214366137
0.584876731594072
0.792020479728727
1.05034463583531
1.00241569307833
0.712157648403976
0.529023079929106
0.568362396651246
0.560085138052848
0.40554548692136
0.232326544386025
0.0981348853538629
0.0162614917757377
-0.0219236694611798
-0.0317710965307105
-0.0272636180892075
-0.0180466244835128
-0.00937247480420533
-0.00326288053471727
0.000139563743993414
0.00150644093737418
0.00166422048308985
0.00128031033771365
0.00077637687820308
0.000358869480941649
8.96912036257576e-05
-4.56265982470852e-05
0.128750398143742
0.404857175761473
0.538435061227604
0.448295087711983
0.418965264021565
0.551491345648208
0.715073471116756
0.847337672806438
0.930986113708362
0.971995776898705
0.984338812258426
0.981517806514388
0.844358654101421
0.703593093083475
0.743000052104187
0.70246995309064
0.759947972014832
1.10612523751986
1.21432196344111
1.19508618318271
1.39218640093341
1.49049811992199
1.5302723986301
1.54999054924158
1.54733993951724
1.78508062084923
2.05183678555237
2.25859414755406
2.39086738463712
2.40813554897832
2.58238146953784
2.68807008297025
2.81653833618436
3.21452616317322
3.4565175903212
3.54386061099036
3.54379753279588
3.61829674631276
3.94901113055282
4.13099240822379
4.25239093677923
4.31602492570897
4.20305872724326
4.26218012359471
4.23135851530335
4.13732242139041
4.27326124537211
4.45261476031179
4.89627611406211
5.24366677569881
5.16280386597709
5.14755446211647
5.21274737912727
5.28816016854688
5.51338374993614
5.7450758140981
5.83665089577401
5.84567657429581
5.81819040880682
5.86332021897361
6.00652082104497
6.23116388259498
6.50841030778323
6.73256455136321
6.87432071395256
6.86421679074808
6.71455380988025
6.71292827747037
6.77285144329773
6.67674805483719
6.70743279801048
6.86177371671107
6.93984746867172
7.05104026487076
7.23157069120955
7.39201288466227
7.50087193506581
7.55906491334273
7.58064116292416
7.58128024108299
7.57310398464998
7.56349487047802
7.55588701205478
7.5511580358974
7.54889344446775
7.54825718953256
7.54846478950819
7.5489647192867
7.54945043167448
7.54979921965205
7.54999737466003
7.55007988173611
7.55009238701141
7.55007262124441
7.55004486716048
7.55002130412388
7.55000582896268
7.54999786801431
7.54999515697681
7.54999534460603
7.54999667818317
7.5499981249822
7.54999922814251
7.54999989179228
7.5500001949447
7.55000026748631
7.55000022525815
7.5500001470469
7.55000007508482
7.55000002511929
7.4643317998766
7.28074651152375
7.19194428450863
7.08663214767814
6.83765470879818
6.76181678999685
6.69764203618528
6.4100603609446
6.35338875114382
6.4073283812165
6.24683726084002
6.2010016730413
6.20946705892543
6.15846661064136
6.10207598972153
5.97840390011134
6.02019625052896
6.03334793060348
5.8712590963466
5.64616349487574
5.25005555564016
5.17017111484389
5.313206784476
5.21489064396172
5.17838240703817
5.06661261479732
4.9539325800388
4.98190689531828
4.92548494289834
4.86428806956968
4.46686488444212
3.95221190185344
3.79312972950576
3.64904232251556
3.60533592522699
3.56629207996086
3.44122309684719
3.60849404355381
3.59970197877621
3.43493490820367
3.41617871123652
3.17404828160201
2.87401108355143
2.63979543004934
2.37587695202784
2.29097826097661
2.29411749630272
2.20391232328743
2.0995136879433
1.89735453530789
1.71815567455033
1.71078590477728
1.76149581746061
1.82249851168308
1.74245069565863
1.51177618013606
1.29600373309551
1.0009231084069
0.752722918673989
0.73452442790497
0.672501609366129
0.594282942880458
0.659323223892054
0.637112214366137
0.584876731594072
0.792020479728727
1.05034463583531
1.00241569307833
0.712157648403976
0.529023079929106
0.568362396651246
0.560085138052848
0.40554548692136
0.232326544386025
0.0981348853538629
0.0162614917757377
-0.0219236694611798
-0.0317710965307105
-0.0272636180892075
-0.0180466244835128
-0.00937247480420533
-0.00326288053471727
0.000139563743993414
0.00150644093737418
0.00166422048308985
0.00128031033771365
0.00077637687820308
0.000358869480941649
8.96912036257576e-05
-4.56265982470852e-05
0.128750398143742
0.404857175761473
0.538435061227604
0.448295087711983
0.418965264021565
0.551491345648208
0.715073471116756
0.847337672806438
0.930986113708362
0.971995776898705
0.984338812258426
0.981517806514388
0.844358654101421
0.703593093083475
0.743000052104187
0.70246995309064
0.759947972014832
1.10612523751986
1.21432196344111
1.19508618318271
1.39218640093341
1.49049811992199
1.5302723986301
1.54999054924158
1.54733993951724
1.78508062084923
2.05183678555237
2.25859414755406
2.39086738463712
2.40813554897832
2.58238146953784
2.68807008297025
2.81653833618436
3.21452616317322
3.4565175903212
3.54386061099036
3.54379753279588
3.61829674631276
3.94901113055282
4.13099240822379
4.25239093677923
4.31602492570897
4.20305872724326
4.26218012359471
4.23135851530335
4.13732242139041
4.27326124537211
4.45261476031179
4.89627611406211
5.24366677569881
5.16280386597709
5.14755446211647
5.21274737912727
5.28816016854688
5.51338374993614
5.7450758140981
5.83665089577401
5.84567657429581
5.81819040880682
5.86332021897361
6.00652082104497
6.23116388259498
6.50841030778323
6.73256455136321
6.87432071395256
6.86421679074808
6.71455380988025
6.71292827747037
6.77285144329773
6.67674805483719
6.70743279801048
6.86177371671107
6.93984746867172
7.05104026487076
7.23157069120955
7.39201288466227
7.50087193506581
7.55906491334273
7.58064116292416
7.58128024108299
7.57310398464998
7.56349487047802
7.55588701205478
7.5511580358974
7.54889344446775
7.54825718953256
7.54846478950819
7.5489647192867
7.54945043167448
7.54979921965205
7.54999737466003
7.55007988173611
7.55009238701141
7.55007262124441
7.55004486716048
7.55002130412388
7.55000582896268
7.54999786801431
7.54999515697681
7.54999534460603
7.54999667818317
7.5499981249822
7.54999922814251
7.54999989179228
7.5500001949447
7.55000026748631
7.55000022525815
7.5500001470469
7.55000007508482
7.55000002511929
7.4643317998766
7.28074651152375
7.19194428450863
7.08663214767814
6.83765470879818
6.76181678999685
6.69764203618528
6.4100603609446
6.35338875114382
6.4073283812165
6.24683726084002
6.2010016730413
6.20946705892543
6.15846661064136
6.10207598972153
5.97840390011134
6.02019625052896
6.03334793060348
5.8712590963466
5.64616349487574
5.25005555564016
5.17017111484389
5.313206784476
5.21489064396172
5.17838240703817
5.06661261479732
4.9539325800388
4.98190689531828
4.92548494289834
4.86428806956968
4.46686488444212
3.95221190185344
3.79312972950576
3.64904232251556
3.60533592522699
3.56629207996086
3.44122309684719
3.60849404355381
3.59970197877621
3.43493490820367
3.41617871123652
3.17404828160201
2.87401108355143
2.63979543004934
2.37587695202784
2.29097826097661
2.29411749630272
2.20391232328743
2.0995136879433
1.89735453530789
1.71815567455033
1.71078590477728
1.76149581746061
1.82249851168308
1.74245069565863
1.51177618013606
1.29600373309551
1.0009231084069
0.752722918673989
0.73452442790497
0.672501609366129
0.594282942880458
0.659323223892054
0.637112214366137
0.584876731594072
0.792020479728727
1.05034463583531
1.00241569307833
0.712157648403976
0.529023079929106
0.568362396651246
0.560085138052848
0.40554548692136
0.232326544386025
0.0981348853538629
0.0162614917757377
-0.0219236694611798
-0.0317710965307105
-0.0272636180892075
-0.0180466244835128
-0.00937247480420533
-0.00326288053471727
0.000139563743993414
0.00150644093737418
0.00166422048308985
0.00128031033771365
0.00077637687820308
0.000358869480941649
8.96912036257576e-05
-4.56265982470852e-05
0.128750398143742
0.404857175761473
0.538435061227604
0.448295087711983
0.418965264021565
0.551491345648208
0.715073471116756
0.847337672806438
0.930986113708362
0.971995776898705
0.984338812258426
0.981517806514388
0.844358654101421
0.703593093083475
0.743000052104187
0.70246995309064
0.759947972014832
1.10612523751986
1.21432196344111
1.19508618318271
1.39218640093341
1.49049811992199
1.5302723986301
1.54999054924158
1.54733993951724
1.78508062084923
2.05183678555237
2.25859414755406
2.39086738463712
2.40813554897832
2.58238146953784
2.68807008297025
2.81653833618436
3.21452616317322
3.4565175903212
3.54386061099036
3.54379753279588
3.61829674631276
3.94901113055282
4.13099240822379
4.25239093677923
4.31602492570897
4.20305872724326
4.26218012359471
4.23135851530335
4.13732242139041
4.27326124537211
4.45261476031179
4.89627611406211
5.24366677569881
5.16280386597709
5.14755446211647
5.21274737912727
5.28816016854688
5.51338374993614
5.7450758140981
5.83665089577401
5.84567657429581
5.81819040880682
5.86332021897361
6.00652082104497
6.23116388259498
6.50841030778323
6.73256455136321
6.87432071395256
6.86421679074808
6.71455380988025
6.71292827747037
6.77285144329773
6.67674805483719
6.70743279801048
6.86177371671107
6.93984746867172
7.05104026487076
7.23157069120955
7.39201288466227
7.50087193506581
7.55906491334273
7.58064116292416
7.58128024108299
7.57310398464998
7.56349487047802
7.55588701205478
7.5511580358974
7.54889344446775
7.54825718953256
7.54846478950819
7.5489647192867
7.54945043167448
7.54979921965205
7.54999737466003
7.55007988173611
7.55009238701141
7.55007262124441
7.55004486716048
7.55002130412388
7.55000582896268
7.54999786801431
7.54999515697681
7.54999534460603
7.54999667818317
7.5499981249822
7.54999922814251
7.54999989179228
7.5500001949447
7.55000026748631
7.55000022525815
7.5500001470469
7.55000007508482
7.55000002511929
7.4643317998766
7.28074651152375
7.19194428450863
7.08663214767814
6.83765470879818
6.76181678999685
6.69764203618528
6.4100603609446
6.35338875114382
6.4073283812165
6.24683726084002
6.2010016730413
6.20946705892543
6.15846661064136
6.10207598972153
5.97840390011134
6.02019625052896
6.03334793060348
5.8712590963466
5.64616349487574
5.25005555564016
5.17017111484389
5.313206784476
5.21489064396172
5.17838240703817
5.06661261479732
4.9539325800388
4.98190689531828
4.92548494289834
4.86428806956968
4.46686488444212
3.95221190185344
3.79312972950576
3.64904232251556
3.60533592522699
3.56629207996086
3.44122309684719
3.60849404355381
3.59970197877621
3.43493490820367
3.41617871123652
3.17404828160201
2.87401108355143
2.63979543004934
2.37587695202784
2.29097826097661
2.29411749630272
2.20391232328743
2.0995136879433
1.89735453530789
1.71815567455033
1.71078590477728
1.76149581746061
1.82249851168308
1.74245069565863
1.51177618013606
1.29600373309551
1.0009231084069
0.752722918673989
0.73452442790497
0.672501609366129
0.594282942880458
0.659323223892054
0.637112214366137
0.584876731594072
0.792020479728727
1.05034463583531
1.00241569307833
0.712157648403976
0.529023079929106
0.568362396651246
0.560085138052848
0.40554548692136
0.232326544386025
0.0981348853538629
0.0162614917757377
-0.0219236694611798
-0.0317710965307105
-0.0272636180892075
-0.0180466244835128
-0.00937247480420533
-0.00326288053471727
0.000139563743993414
0.00150644093737418
0.00166422048308985
0.00128031033771365
0.00077637687820308
0.000358869480941649
8.96912036257576e-05
-4.56265982470852e-05
0.128750398143742
0.404857175761473
0.538435061227604
0.448295087711983
0.418965264021565
0.551491345648208
0.715073471116756
0.847337672806438
0.930986113708362
0.971995776898705
0.984338812258426
0.981517806514388
0.844358654101421
0.703593093083475
0.743000052104187
0.70246995309064
0.759947972014832
1.10612523751986
1.21432196344111
1.19508618318271
1.39218640093341
1.49049811992199
1.5302723986301
1.54999054924158
1.54733993951724
1.78508062084923
2.05183678555237
2.25859414755406
2.39086738463712
2.40813554897832
2.58238146953784
2.68807008297025
2.81653833618436
3.21452616317322
3.4565175903212
3.54386061099036
3.54379753279588
3.61829674631276
3.94901113055282
4.13099240822379
4.25239093677923
4.31602492570897
4.20305872724326
4.26218012359471
4.23135851530335
4.13732242139041
4.27326124537211
4.45261476031179
4.89627611406211
5.24366677569881
5.16280386597709
5.14755446211647
5.21274737912727
5.28816016854688
5.51338374993614
5.7450758140981
5.83665089577401
5.84567657429581
5.81819040880682
5.86332021897361
6.00652082104497
6.23116388259498
6.50841030778323
6.73256455136321
6.87432071395256
6.86421679074808
6.71455380988025
6.71292827747037
6.77285144329773
6.67674805483719
6.70743279801048
6.86177371671107
6.93984746867172
7.05104026487076
7.23157069120955
7.39201288466227
7.50087193506581
7.55906491334273
7.58064116292416
7.58128024108299
7.57310398464998
7.56349487047802
7.55588701205478
7.5511580358974
7.54889344446775
7.54825718953256
7.54846478950819
7.5489647192867
7.54945043167448
7.54979921965205
7.54999737466003
7.55007988173611
7.55009238701141
7.55007262124441
7.55004486716048
7.55002130412388
7.55000582896268
7.54999786801431
7.54999515697681
7.54999534460603
7.54999667818317
7.5499981249822
7.54999922814251
7.54999989179228
7.5500001949447
7.55000026748631
7.55000022525815
7.5500001470469
7.55000007508482
7.55000002511929
7.4643317998766
7.28074651152375
7.19194428450863
7.08663214767814
6.83765470879818
6.76181678999685
6.69764203618528
6.4100603609446
6.35338875114382
6.4073283812165
6.24683726084002
6.2010016730413
6.20946705892543
6.15846661064136
6.10207598972153
5.97840390011134
6.02019625052896
6.03334793060348
5.8712590963466
5.64616349487574
5.25005555564016
5.17017111484389
5.313206784476
5.21489064396172
5.17838240703817
5.06661261479732
4.9539325800388
4.98190689531828
4.92548494289834
4.86428806956968
4.46686488444212
3.95221190185344
3.79312972950576
3.64904232251556
3.60533592522699
3.56629207996086
3.44122309684719
3.60849404355381
3.59970197877621
3.43493490820367
3.41617871123652
3.17404828160201
2.87401108355143
2.63979543004934
2.37587695202784
2.29097826097661
2.29411749630272
2.20391232328743
2.0995136879433
1.89735453530789
1.71815567455033
1.71078590477728
1.76149581746061
1.82249851168308
1.74245069565863
1.51177618013606
1.29600373309551
1.0009231084069
0.752722918673989
0.73452442790497
0.672501609366129
0.594282942880458
0.659323223892054
0.637112214366137
0.584876731594072
0.792020479728727
1.05034463583531
1.00241569307833
0.712157648403976
0.529023079929106
0.568362396651246
0.560085138052848
0.40554548692136
0.232326544386025
0.0981348853538629
0.0162614917757377
-0.0219236694611798
-0.0317710965307105
-0.0272636180892075
-0.0180466244835128
-0.00937247480420533
-0.00326288053471727
0.000139563743993414
0.00150644093737418
0.00166422048308985
0.00128031033771365
0.00077637687820308
0.000358869480941649
8.96912036257576e-05
-4.56265982470852e-05
0.128750398143742
0.404857175761473
0.538435061227604
0.448295087711983
0.418965264021565
0.551491345648208
0.715073471116756
0.847337672806438
0.930986113708362
0.971995776898705
0.984338812258426
0.981517806514388
0.844358654101421
0.703593093083475
0.743000052104187
0.70246995309064
0.759947972014832
1.10612523751986
1.21432196344111
1.19508618318271
1.39218640093341
1.49049811992199
1.5302723986301
1.54999054924158
1.54733993951724
1.78508062084923
2.05183678555237
2.25859414755406
2.39086738463712
2.40813554897832
2.58238146953784
2.68807008297025
2.81653833618436
3.21452616317322
3.4565175903212
3.54386061099036
3.54379753279588
3.61829674631276
3.94901113055282
4.13099240822379
