0.143679733383723
0.960869918497666
2.20119872787381
3.23296516216558
3.99535630124458
4.4408396755834
4.7641417792003
4.81823574712852
4.86667486025712
5.06497516674353
5.05645048368919
5.14832659872548
5.27507113359921
5.32804683953826
5.44757789390602
5.5623311024245
5.72374639528898
5.86087061998176
5.9570394190299
6.09602158004285
6.21517684634744
6.29399693433553
6.43001120994588
6.61634377420776
6.64635543690005
6.70559726547397
6.79262463687574
6.79748661922117
6.94182789162562
7.08928540461912
7.18879842065944
7.24166916072747
7.27046399207173
7.37666273306313
7.48615927101476
7.56747266899205
7.61521195162292
7.63621072024359
7.64050505119237
7.72241326033274
7.80481630135526
7.86518953096366
7.90962258660381
7.84981833936507
7.94390134844829
8.07612368228377
8.00763348133209
8.0555490603407
8.13858849732223
8.03294119312284
8.05868970600877
8.13173113021484
8.02380689266951
8.05108011078693
8.12680416506868
8.02131672063919
8.05026775179441
8.12690360157282
8.021765717715
7.95562796296634
8.00910308312294
8.01185767584853
7.90726330872817
7.87224508399399
7.86595291944393
7.77810474099362
7.68029340142301
7.60476081582062
7.55880522045734
7.53745884301951
7.4463626951765
7.36049713139983
7.31547381456798
7.21986126002884
7.12916367153234
7.06496711156528
7.02903180466761
6.91934695589389
6.79329875144242
6.68843521758496
6.62061114319316
6.56074437884105
6.40901451881779
6.29200732188337
6.16694048671573
6.06622131583801
6.00272905671883
5.81254123080243
5.80215009401338
5.78513852611855
5.42596221673542
5.36647499738364
5.33005319619778
5.11263804333914
5.12470893735626
4.95303753894902
4.78623978306849
4.74605665102866
4.55380017105635
4.48555297186174
4.34188269714476
4.17144073755839
4.13779368351107
3.94034653884413
3.7865693954342
3.67612234990504
3.5735643692578
3.48709515364199
3.34425587385389
3.13641621652358
2.94028545229674
2.91320955744789
2.85192422853854
2.68175206324993
2.54425125669154
2.48904183622228
2.40242732182822
2.24594738171052
2.1514162682777
2.15653201529132
1.88908389097229
1.61298808961995
1.7518408818021
1.68049780718113
1.46136363345722
1.5040982015735
1.37965179591932
1.21977108263307
1.35215234065235
1.30571043051315
0.93423091694872
0.79255849148194
1.04772712919154
1.13411238968585
0.863764915800865
0.647942623783528
0.641701394383357
0.594820004788494
0.414972306891937
0.357602180443342
0.495110234718097
0.547122166449173
0.420967672633386
0.255304937355492
0.118032437589604
0.0295184886899801
-0.0149849218270851
-0.029312752785051
-0.0273181052315182
-0.0191237104516911
-0.0105810706859708
-0.0041996592540743
-0.000432245755980697
0.00123957758014976
0.0015952447443359
0.00131163403350515
0.000840652546947752
0.000419404845423512
0.000132348846166172
-2.18588397385231e-05
0.128759955085295
0.404858287790636
0.53843238713451
0.448291572228299
0.290122776634032
0.290228932990266
0.499322332609648
0.594588456687161
0.473481956162336
0.439413312451719
0.594146207282713
0.770226319489212
0.8927683081064
0.831305686998385
0.845380128480011
1.15058892980049
1.22987656607117
1.19451010748292
1.38510699281713
1.35380472631693
1.31961992309176
1.63749088199182
1.67090083490594
1.57787011985523
1.93060761442206
2.15700059736554
2.10960920946017
2.14546473691746
2.23771412510063
2.36005613685814
2.46180997607307
2.65644922551465
2.7654113548926
2.82444571132071
3.04728325200938
3.18250080339078
3.29970290715896
3.39268476557733
3.49037861269828
3.70868655428808
3.79173873668658
3.86872503775741
4.0573453530027
4.14401903319718
4.27652379409315
4.43199373018835
4.52059246913966
4.64334906007373
4.74708374904124
4.93504674657626
5.06186790906827
5.12383417742955
5.27047345582176
5.38079553859513
5.47806257846857
5.57539975523739
5.72609948414371
5.85816539389733
5.95297603952074
6.09249393814032
6.21282218998796
6.29276182424134
6.42957150909789
6.61635106013226
6.64654527378243
6.70581123768792
6.79279083797594
6.79758825576634
6.94187545213532
7.08929780962613
7.18879296628618
7.24165780567846
7.27045326504611
7.37665515966437
7.48615504290096
7.56747096265152
7.6152117466811
7.63621119037918
7.6405056731485
7.72241377714374
7.80481663531568
7.8651896993335
7.90962264118786
7.84981833225024
7.94390131778379
8.07612365017186
8.00763345728716
8.05554904611366
8.13858849098679
8.0329411917545
8.05868970706006
8.1317311319813
8.02380689425456
8.05108011186941
8.12680416565163
8.02131672085864
8.05026775180459
8.12690360149386
8.02176571762056
7.95562796289099
8.0091030830758
8.01185767582576
7.9072633087216
7.87224508399588
7.86595291944881
7.77810474099841
7.68029340142647
7.6047608158226
7.55880522045817
7.53745884301964
7.44636269517631
7.36049713139956
7.31547381456775
7.21986126002869
7.12916367153227
7.06496711156525
7.02903180466762
6.9193469558939
6.79329875144244
6.68843521758497
6.62061114319317
6.56074437884105
6.40901451881779
6.29200732188337
6.16694048671573
6.06622131583801
6.00272905671883
5.81254123080243
5.80215009401338
5.78513852611856
5.42596221673542
5.36647499738364
5.33005319619778
5.11263804333914
5.12470893735626
4.95303753894902
4.78623978306849
4.74605665102866
4.55380017105635
4.48555297186174
4.34188269714476
4.17144073755839
4.13779368351107
3.94034653884413
3.7865693954342
3.67612234990504
3.5735643692578
3.48709515364199
3.34425587385389
3.13641621652358
2.94028545229674
2.91320955744789
2.85192422853854
2.68175206324993
2.54425125669154
2.48904183622228
2.40242732182822
2.24594738171052
2.1514162682777
2.15653201529132
1.88908389097229
1.61298808961995
1.7518408818021
1.68049780718113
1.46136363345722
1.5040982015735
1.37965179591932
1.21977108263307
1.35215234065235
1.30571043051315
0.93423091694872
0.79255849148194
1.04772712919154
1.13411238968585
0.863764915800865
0.647942623783528
0.641701394383357
0.594820004788494
0.414972306891937
0.357602180443342
0.495110234718097
0.547122166449173
0.420967672633386
0.255304937355492
0.118032437589604
0.0295184886899801
-0.0149849218270851
-0.029312752785051
-0.0273181052315182
-0.0191237104516911
-0.0105810706859708
-0.0041996592540743
-0.000432245755980697
0.00123957758014976
0.0015952447443359
0.00131163403350515
0.000840652546947752
0.000419404845423512
0.000132348846166172
-2.18588397385231e-05
0.128759955085295
0.404858287790636
0.53843238713451
0.448291572228299
0.290122776634032
0.290228932990266
0.499322332609648
0.594588456687161
0.473481956162336
0.439413312451719
0.594146207282713
0.770226319489212
0.8927683081064
0.831305686998385
0.845380128480011
1.15058892980049
1.22987656607117
1.19451010748292
1.38510699281713
1.35380472631693
1.31961992309176
1.63749088199182
1.67090083490594
1.57787011985523
1.93060761442206
2.15700059736554
2.10960920946017
2.14546473691746
2.23771412510063
2.36005613685814
2.46180997607307
2.65644922551465
2.7654113548926
2.82444571132071
3.04728325200938
3.18250080339078
3.29970290715896
3.39268476557733
3.49037861269828
3.70868655428808
3.79173873668658
3.86872503775741
4.0573453530027
4.14401903319718
4.27652379409315
4.43199373018835
4.52059246913966
4.64334906007373
4.74708374904124
4.93504674657626
5.06186790906827
5.12383417742955
5.27047345582176
5.38079553859513
5.47806257846857
5.57539975523739
5.72609948414371
5.85816539389733
5.95297603952074
6.09249393814032
6.21282218998796
6.29276182424134
6.42957150909789
6.61635106013226
6.64654527378243
6.70581123768792
6.79279083797594
6.79758825576634
6.94187545213532
7.08929780962613
7.18879296628618
7.24165780567846
7.27045326504611
7.37665515966437
7.48615504290096
7.56747096265152
7.6152117466811
7.63621119037918
7.6405056731485
7.72241377714374
7.80481663531568
7.8651896993335
7.90962264118786
7.84981833225024
7.94390131778379
8.07612365017186
8.00763345728716
8.05554904611366
8.13858849098679
8.0329411917545
8.05868970706006
8.1317311319813
8.02380689425456
8.05108011186941
8.12680416565163
8.02131672085864
8.05026775180459
8.12690360149386
8.02176571762056
7.95562796289099
8.0091030830758
8.01185767582576
7.9072633087216
7.87224508399588
7.86595291944881
7.77810474099841
7.68029340142647
7.6047608158226
7.55880522045817
7.53745884301964
7.44636269517631
7.36049713139956
7.31547381456775
7.21986126002869
7.12916367153227
7.06496711156525
7.02903180466762
6.9193469558939
6.79329875144244
6.68843521758497
6.62061114319317
6.56074437884105
6.40901451881779
6.29200732188337
6.16694048671573
6.06622131583801
6.00272905671883
5.81254123080243
5.80215009401338
5.78513852611856
5.42596221673542
5.36647499738364
5.33005319619778
5.11263804333914
5.12470893735626
4.95303753894902
4.78623978306849
4.74605665102866
4.55380017105635
4.48555297186174
4.34188269714476
4.17144073755839
4.13779368351107
3.94034653884413
3.7865693954342
3.67612234990504
3.5735643692578
3.48709515364199
3.34425587385389
3.13641621652358
2.94028545229674
2.91320955744789
2.85192422853854
2.68175206324993
2.54425125669154
2.48904183622228
2.40242732182822
2.24594738171052
2.1514162682777
2.15653201529132
1.88908389097229
1.61298808961995
1.7518408818021
1.68049780718113
1.46136363345722
1.5040982015735
1.37965179591932
1.21977108263307
1.35215234065235
1.30571043051315
0.93423091694872
0.79255849148194
1.04772712919154
1.13411238968585
0.863764915800865
0.647942623783528
0.641701394383357
0.594820004788494
0.414972306891937
0.357602180443342
0.495110234718097
0.547122166449173
0.420967672633386
0.255304937355492
0.118032437589604
0.0295184886899801
-0.0149849218270851
-0.029312752785051
-0.0273181052315182
-0.0191237104516911
-0.0105810706859708
-0.0041996592540743
-0.000432245755980697
0.00123957758014976
0.0015952447443359
0.00131163403350515
0.000840652546947752
0.000419404845423512
0.000132348846166172
-2.18588397385231e-05
0.128759955085295
0.404858287790636
0.53843238713451
0.448291572228299
0.290122776634032
0.290228932990266
0.499322332609648
0.594588456687161
0.473481956162336
0.439413312451719
0.594146207282713
0.770226319489212
0.8927683081064
0.831305686998385
0.845380128480011
1.15058892980049
1.22987656607117
1.19451010748292
1.38510699281713
1.35380472631693
1.31961992309176
1.63749088199182
1.67090083490594
1.57787011985523
1.93060761442206
2.15700059736554
2.10960920946017
2.14546473691746
2.23771412510063
2.36005613685814
2.46180997607307
2.65644922551465
2.7654113548926
2.82444571132071
3.04728325200938
3.18250080339078
3.29970290715896
3.39268476557733
3.49037861269828
3.70868655428808
3.79173873668658
3.86872503775741
4.0573453530027
4.14401903319718
4.27652379409315
4.43199373018835
4.52059246913966
4.64334906007373
4.74708374904124
4.93504674657626
5.06186790906827
5.12383417742955
5.27047345582176
5.38079553859513
5.47806257846857
5.57539975523739
5.72609948414371
5.85816539389733
5.95297603952074
6.09249393814032
6.21282218998796
6.29276182424134
6.42957150909789
6.61635106013226
6.64654527378243
6.70581123768792
6.79279083797594
6.79758825576634
6.94187545213532
7.08929780962613
7.18879296628618
7.24165780567846
7.27045326504611
7.37665515966437
7.48615504290096
7.56747096265152
7.6152117466811
7.63621119037918
7.6405056731485
7.72241377714374
7.80481663531568
7.8651896993335
7.90962264118786
7.84981833225024
7.94390131778379
8.07612365017186
8.00763345728716
8.05554904611366
8.13858849098679
8.0329411917545
8.05868970706006
8.1317311319813
8.02380689425456
8.05108011186941
8.12680416565163
8.02131672085864
8.05026775180459
8.12690360149386
8.02176571762056
7.95562796289099
8.0091030830758
8.01185767582576
7.9072633087216
7.87224508399588
7.86595291944881
7.77810474099841
7.68029340142647
7.6047608158226
7.55880522045817
7.53745884301964
7.44636269517631
7.36049713139956
7.31547381456775
7.21986126002869
7.12916367153227
7.06496711156525
7.02903180466762
6.9193469558939
6.79329875144244
6.68843521758497
6.62061114319317
6.56074437884105
6.40901451881779
6.29200732188337
6.16694048671573
6.06622131583801
6.00272905671883
5.81254123080243
5.80215009401338
5.78513852611856
5.42596221673542
5.36647499738364
5.33005319619778
5.11263804333914
5.12470893735626
4.95303753894902
4.78623978306849
4.74605665102866
4.55380017105635
4.48555297186174
4.34188269714476
4.17144073755839
4.13779368351107
3.94034653884413
3.7865693954342
3.67612234990504
3.5735643692578
3.48709515364199
3.34425587385389
3.13641621652358
2.94028545229674
2.91320955744789
2.85192422853854
2.68175206324993
2.54425125669154
2.48904183622228
2.40242732182822
2.24594738171052
2.1514162682777
2.15653201529132
1.88908389097229
1.61298808961995
1.7518408818021
1.68049780718113
1.46136363345722
1.5040982015735
1.37965179591932
1.21977108263307
1.35215234065235
1.30571043051315
0.93423091694872
0.79255849148194
1.04772712919154
1.13411238968585
0.863764915800865
0.647942623783528
0.641701394383357
0.594820004788494
0.414972306891937
0.357602180443342
0.495110234718097
0.547122166449173
0.420967672633386
0.255304937355492
0.118032437589604
0.0295184886899801
-0.0149849218270851
-0.029312752785051
-0.0273181052315182
-0.0191237104516911
-0.0105810706859708
-0.0041996592540743
-0.000432245755980697
0.00123957758014976
0.0015952447443359
0.00131163403350515
0.000840652546947752
0.000419404845423512
0.000132348846166172
-2.18588397385231e-05
0.128759955085295
0.404858287790636
0.53843238713451
0.448291572228299
0.290122776634032
0.290228932990266
0.499322332609648
0.594588456687161
0.473481956162336
0.439413312451719
0.594146207282713
0.770226319489212
0.8927683081064
0.831305686998385
0.845380128480011
1.15058892980049
1.22987656607117
1.19451010748292
1.38510699281713
1.35380472631693
1.31961992309176
1.63749088199182
1.67090083490594
1.57787011985523
1.93060761442206
2.15700059736554
2.10960920946017
2.14546473691746
2.23771412510063
2.36005613685814
2.46180997607307
2.65644922551465
2.7654113548926
2.82444571132071
3.04728325200938
3.18250080339078
3.29970290715896
3.39268476557733
3.49037861269828
3.70868655428808
3.79173873668658
3.86872503775741
4.0573453530027
4.14401903319718
4.27652379409315
4.43199373018835
4.52059246913966
4.64334906007373
4.74708374904124
4.93504674657626
5.06186790906827
5.12383417742955
5.27047345582176
5.38079553859513
5.47806257846857
5.57539975523739
5.72609948414371
5.85816539389733
5.95297603952074
6.09249393814032
6.21282218998796
6.29276182424134
6.42957150909789
6.61635106013226
6.64654527378243
6.70581123768792
6.79279083797594
6.79758825576634
6.94187545213532
7.08929780962613
7.18879296628618
7.24165780567846
7.27045326504611
7.37665515966437
7.48615504290096
7.56747096265152
7.6152117466811
7.63621119037918
7.6405056731485
7.72241377714374
7.80481663531568
7.8651896993335
7.90962264118786
7.84981833225024
7.94390131778379
8.07612365017186
8.00763345728716
8.05554904611366
8.13858849098679
8.0329411917545
8.05868970706006
8.1317311319813
8.02380689425456
8.05108011186941
8.12680416565163
8.02131672085864
8.05026775180459
8.12690360149386
8.02176571762056
7.95562796289099
8.0091030830758
8.01185767582576
7.9072633087216
7.87224508399588
7.86595291944881
7.77810474099841
7.68029340142647
7.6047608158226
7.55880522045817
7.53745884301964
7.44636269517631
7.36049713139956
7.31547381456775
7.21986126002869
7.12916367153227
7.06496711156525
7.02903180466762
6.9193469558939
6.79329875144244
6.68843521758497
6.62061114319317
6.56074437884105
6.40901451881779
6.29200732188337
6.16694048671573
6.06622131583801
6.00272905671883
5.81254123080243
5.80215009401338
5.78513852611856
5.42596221673542
5.36647499738364
5.33005319619778
5.11263804333914
5.12470893735626
4.95303753894902
4.78623978306849
4.74605665102866
4.55380017105635
4.48555297186174
4.34188269714476
4.17144073755839
4.13779368351107
3.94034653884413
3.7865693954342
3.67612234990504
3.5735643692578
3.48709515364199
3.34425587385389
3.13641621652358
2.94028545229674
2.91320955744789
2.85192422853854
2.68175206324993
2.54425125669154
2.48904183622228
2.40242732182822
2.24594738171052
2.1514162682777
2.15653201529132
1.88908389097229
1.61298808961995
1.7518408818021
1.68049780718113
1.46136363345722
1.5040982015735
1.37965179591932
1.21977108263307
1.35215234065235
1.30571043051315
0.93423091694872
0.79255849148194
1.04772712919154
1.13411238968585
0.863764915800865
0.647942623783528
0.641701394383357
0.594820004788494
0.414972306891937
0.357602180443342
0.495110234718097
0.547122166449173
0.420967672633386
0.255304937355492
0.118032437589604
0.0295184886899801
-0.0149849218270851
-0.029312752785051
-0.0273181052315182
-0.0191237104516911
-0.0105810706859708
-0.0041996592540743
-0.000432245755980697
0.00123957758014976
0.0015952447443359
0.00131163403350515
0.000840652546947752
0.000419404845423512
0.000132348846166172
-2.18588397385231e-05
0.128759955085295
0.404858287790636
0.53843238713451
0.448291572228299
0.290122776634032
0.290228932990266
0.499322332609648
0.594588456687161
0.473481956162336
0.439413312451719
0.594146207282713
0.770226319489212
0.8927683081064
0.831305686998385
0.845380128480011
1.15058892980049
1.22987656607117
1.19451010748292
1.38510699281713
1.35380472631693
1.31961992309176
1.63749088199182
1.67090083490594
1.57787011985523
1.93060761442206
2.15700059736554
2.10960920946017
2.14546473691746
2.23771412510063
2.36005613685814
2.46180997607307
2.65644922551465
2.7654113548926
2.82444571132071
3.04728325200938
3.18250080339078
3.29970290715896
3.39268476557733
3.49037861269828
3.70868655428808
