4
4.12564303631251
4.25116207811725
4.37643325327406
4.50133293425722
4.62573786016092
4.7495252583429
4.87257296558617
4.99475954865942
5.11596442415692
5.23606797749979
5.35495168098117
5.47249821073871
5.58859156253912
5.70311716626029
5.81596199895819
5.92701469640686
6.03616566300149
6.14330717991599
6.24833351140852
6.35114100916989
6.45162821461191
6.54969595899476
6.64524746129461
6.73818842371475
6.82842712474619
6.91587450968565
7.00044427852184
7.08205297110316
7.16062004950276
7.23606797749979
7.30832229709825
7.37731170200806
7.44296810801577
7.50522672017545
7.56402609675347
7.61930820986408
7.67101850273592
7.71910594355301
7.7635230758169
7.80422606518061
7.84117474270777
7.87433264451452
7.90366704775499
7.92914900291475
7.95075336238055
7.96845880525791
7.98224785841232
7.99210691371309
7.99802624146293
8
7.99802624146293
7.99210691371309
7.98224785841232
7.96845880525791
7.95075336238055
7.92914900291476
7.90366704775499
7.87433264451452
7.84117474270777
7.80422606518061
7.7635230758169
7.71910594355301
7.67101850273593
7.61930820986408
7.56402609675347
7.50522672017545
7.44296810801577
7.37731170200806
7.30832229709825
7.23606797749979
7.16062004950276
7.08205297110316
7.00044427852184
6.91587450968565
6.82842712474619
6.73818842371475
6.64524746129461
6.54969595899476
6.45162821461191
6.35114100916989
6.24833351140852
6.14330717991599
6.03616566300148
5.92701469640686
5.81596199895819
5.70311716626029
5.58859156253912
5.47249821073871
5.35495168098117
5.23606797749979
5.11596442415692
4.99475954865942
4.87257296558617
4.7495252583429
4.62573786016092
4.50133293425722
4.37643325327406
4.25116207811725
4.12564303631251
4
3.87435696368749
3.74883792188275
3.62356674672594
3.49866706574278
3.37426213983908
3.2504747416571
3.12742703441383
3.00524045134058
2.88403557584308
2.76393202250021
2.64504831901883
2.52750178926129
2.41140843746088
2.29688283373971
2.18403800104181
2.07298530359314
1.96383433699852
1.85669282008401
1.75166648859148
1.64885899083011
1.54837178538809
1.45030404100524
1.35475253870539
1.26181157628525
1.17157287525381
1.08412549031435
0.999555721478162
0.917947028896843
0.839379950497238
0.763932022500211
0.691677702901754
0.622688297991939
0.557031891984225
0.494773279824546
0.435973903246529
0.380691790135921
0.328981497264075
0.280894056446994
0.236476924183098
0.195773934819386
0.158825257292227
0.125667355485475
0.0963329522450103
0.0708509970852451
0.0492466376194494
0.0315411947420889
0.01775214158768
0.00789308628691376
0.0019737585370736
0
0.0019737585370736
0.00789308628691376
0.0177521415876796
0.0315411947420885
0.0492466376194489
0.0708509970852451
0.0963329522450098
0.125667355485476
0.158825257292228
0.195773934819385
0.236476924183098
0.280894056446995
0.328981497264075
0.380691790135922
0.435973903246528
0.494773279824547
0.557031891984226
0.62268829799194
0.691677702901753
0.76393202250021
0.83937995049724
0.917947028896844
0.999555721478162
1.08412549031435
1.17157287525381
1.26181157628524
1.35475253870539
1.45030404100524
1.54837178538809
1.64885899083011
1.75166648859148
1.85669282008401
1.96383433699851
2.07298530359314
2.18403800104181
2.29688283373971
2.41140843746088
2.52750178926129
2.64504831901883
2.76393202250021
2.88403557584308
3.00524045134058
3.12742703441383
3.2504747416571
3.37426213983908
3.49866706574278
3.62356674672594
3.74883792188275
3.87435696368749
4
4.12564303631251
4.25116207811725
4.37643325327406
4.50133293425722
4.62573786016093
4.7495252583429
4.87257296558617
4.99475954865942
5.11596442415691
5.23606797749979
5.35495168098116
5.47249821073871
5.58859156253912
5.70311716626029
5.81596199895819
5.92701469640686
6.03616566300148
6.14330717991599
6.24833351140852
6.35114100916989
6.4516282146119
6.54969595899476
6.64524746129461
6.73818842371475
6.82842712474619
6.91587450968565
7.00044427852184
7.08205297110316
7.16062004950276
7.23606797749979
7.30832229709825
7.37731170200806
7.44296810801577
7.50522672017545
7.56402609675347
7.61930820986408
7.67101850273593
7.71910594355301
7.7635230758169
7.80422606518061
7.84117474270777
7.87433264451452
7.90366704775499
7.92914900291475
7.95075336238055
7.96845880525791
7.98224785841232
7.99210691371309
7.99802624146293
8
7.99802624146293
7.99210691371309
7.98224785841232
7.96845880525791
7.95075336238055
7.92914900291475
7.90366704775499
7.87433264451452
7.84117474270777
7.80422606518061
7.7635230758169
7.71910594355301
7.67101850273592
7.61930820986408
7.56402609675347
7.50522672017545
7.44296810801577
7.37731170200806
7.30832229709825
7.23606797749979
7.16062004950276
7.08205297110315
7.00044427852184
6.91587450968564
6.82842712474619
6.73818842371475
6.64524746129461
6.54969595899476
6.45162821461191
6.35114100916989
6.24833351140852
6.14330717991598
6.03616566300148
5.92701469640686
5.81596199895819
5.70311716626029
5.58859156253912
5.47249821073871
5.35495168098117
5.23606797749979
5.11596442415692
4.99475954865942
4.87257296558617
4.7495252583429
4.62573786016093
4.50133293425722
4.37643325327406
4.25116207811725
4.12564303631251
4
3.87435696368749
3.74883792188275
3.62356674672595
3.49866706574279
3.37426213983908
3.25047474165711
3.12742703441383
3.00524045134058
2.88403557584308
2.76393202250021
2.64504831901884
2.52750178926129
2.41140843746088
2.29688283373971
2.18403800104181
2.07298530359314
1.96383433699851
1.85669282008401
1.75166648859148
1.64885899083011
1.5483717853881
1.45030404100524
1.3547525387054
1.26181157628524
1.17157287525381
1.08412549031435
0.999555721478162
0.917947028896843
0.839379950497239
0.763932022500211
0.691677702901754
0.622688297991937
0.557031891984224
0.494773279824544
0.435973903246528
0.380691790135921
0.328981497264075
0.280894056446995
0.236476924183099
0.195773934819386
0.158825257292226
0.125667355485474
0.0963329522450098
0.0708509970852447
0.0492466376194489
0.0315411947420885
0.01775214158768
0.00789308628691376
0.0019737585370736
0
0.00197375853707404
0.00789308628691376
0.0177521415876796
0.0315411947420881
0.0492466376194485
0.0708509970852442
0.0963329522450089
0.125667355485475
0.158825257292227
0.195773934819385
0.236476924183097
0.280894056446993
0.328981497264074
0.38069179013592
0.435973903246526
0.494773279824543
0.557031891984226
0.62268829799194
0.691677702901752
0.763932022500209
0.839379950497237
0.917947028896841
0.999555721478159
1.08412549031435
1.17157287525381
1.26181157628525
1.35475253870539
1.45030404100524
1.54837178538809
1.64885899083011
1.75166648859148
1.85669282008401
1.96383433699851
2.07298530359314
2.18403800104181
2.29688283373971
2.41140843746088
2.52750178926129
2.64504831901883
2.76393202250021
2.88403557584308
3.00524045134058
3.12742703441383
3.2504747416571
3.37426213983908
3.49866706574278
3.62356674672594
3.74883792188275
3.87435696368749
4
4.12564303631252
4.25116207811726
4.37643325327406
4.50133293425722
4.62573786016092
4.7495252583429
4.87257296558617
4.99475954865942
5.11596442415692
5.23606797749979
5.35495168098117
5.47249821073872
5.58859156253913
5.70311716626029
5.81596199895819
5.92701469640686
6.03616566300148
6.14330717991598
6.24833351140852
6.35114100916989
6.4516282146119
6.54969595899476
6.6452474612946
6.73818842371475
6.82842712474619
6.91587450968564
7.00044427852184
7.08205297110316
7.16062004950276
7.23606797749979
7.30832229709825
7.37731170200806
7.44296810801577
7.50522672017545
7.56402609675347
7.61930820986408
7.67101850273592
7.71910594355301
7.7635230758169
7.80422606518061
7.84117474270777
7.87433264451452
7.90366704775499
7.92914900291476
7.95075336238055
7.96845880525791
7.98224785841232
7.99210691371309
7.99802624146293
8
7.99802624146293
7.99210691371309
7.98224785841232
7.96845880525791
7.95075336238055
7.92914900291475
7.90366704775499
7.87433264451452
7.84117474270777
7.80422606518061
7.7635230758169
7.719105943553
7.67101850273592
7.61930820986408
7.56402609675347
7.50522672017545
7.44296810801577
7.37731170200806
7.30832229709825
7.23606797749979
7.16062004950276
7.08205297110315
7.00044427852184
6.91587450968565
6.82842712474619
6.73818842371475
6.64524746129461
6.54969595899476
6.4516282146119
6.35114100916989
6.24833351140852
6.14330717991599
6.03616566300149
5.92701469640687
5.81596199895819
5.7031171662603
5.58859156253913
5.47249821073871
5.35495168098117
5.23606797749979
5.11596442415692
4.99475954865942
4.87257296558617
4.7495252583429
4.62573786016093
4.50133293425722
4.37643325327406
4.25116207811725
4.12564303631251
4
3.87435696368749
3.74883792188275
3.62356674672595
3.49866706574279
3.37426213983908
3.2504747416571
3.12742703441383
3.00524045134058
2.88403557584308
2.76393202250021
2.64504831901884
2.52750178926129
2.41140843746088
2.29688283373971
2.18403800104182
2.07298530359314
1.96383433699852
1.85669282008401
1.75166648859147
1.64885899083011
1.54837178538809
1.45030404100524
1.35475253870539
1.26181157628525
1.17157287525381
1.08412549031435
0.999555721478162
0.917947028896839
0.83937995049724
0.763932022500208
0.691677702901754
0.622688297991938
0.557031891984228
0.494773279824545
0.435973903246525
0.380691790135922
0.328981497264073
0.280894056446995
0.236476924183096
0.195773934819386
0.158825257292227
0.125667355485477
0.0963329522450098
0.0708509970852438
0.0492466376194489
0.0315411947420876
0.01775214158768
0.00789308628691332
0.00197375853707404
0
0.0019737585370736
0.00789308628691376
0.0177521415876809
0.0315411947420889
0.0492466376194503
0.0708509970852451
0.096332952245012
0.125667355485475
0.158825257292229
0.195773934819385
0.2364769241831
0.280894056446998
0.328981497264076
0.380691790135926
0.435973903246529
0.494773279824549
0.557031891984225
0.622688297991943
0.691677702901751
0.763932022500213
0.839379950497245
0.917947028896845
0.999555721478168
1.08412549031435
1.17157287525382
1.26181157628525
1.35475253870539
1.45030404100524
1.54837178538809
1.64885899083011
1.75166648859147
1.85669282008401
1.9638343369985
2.07298530359313
2.1840380010418
2.2968828337397
2.41140843746088
2.52750178926128
2.64504831901883
2.7639320225002
2.88403557584308
3.00524045134057
3.12742703441382
3.25047474165709
3.37426213983907
3.49866706574278
3.62356674672593
3.74883792188275
3.87435696368748
4
4.1256430363125
4.25116207811725
4.37643325327404
4.50133293425721
4.62573786016092
4.74952525834289
4.87257296558617
4.99475954865941
5.11596442415691
5.23606797749978
5.35495168098116
5.4724982107387
5.58859156253912
5.70311716626029
5.81596199895818
5.92701469640686
6.03616566300148
6.14330717991599
6.24833351140851
6.35114100916989
6.45162821461191
6.54969595899476
6.64524746129461
6.73818842371475
6.82842712474619
6.91587450968564
7.00044427852184
7.08205297110315
7.16062004950276
7.23606797749979
7.30832229709825
7.37731170200806
7.44296810801577
7.50522672017545
7.56402609675347
7.61930820986408
7.67101850273592
7.71910594355301
7.7635230758169
7.80422606518061
7.84117474270777
7.87433264451452
7.90366704775499
7.92914900291475
7.95075336238055
7.96845880525791
7.98224785841232
7.99210691371309
7.99802624146293
8
7.99802624146293
7.99210691371309
7.98224785841232
7.96845880525791
7.95075336238055
7.92914900291476
7.90366704775499
7.87433264451452
7.84117474270777
7.80422606518062
7.7635230758169
7.71910594355301
7.67101850273592
7.61930820986407
7.56402609675347
7.50522672017545
7.44296810801577
7.37731170200806
7.30832229709825
7.23606797749979
7.16062004950276
7.08205297110316
7.00044427852183
6.91587450968565
6.82842712474618
6.73818842371475
6.6452474612946
6.54969595899476
6.4516282146119
6.3511410091699
6.24833351140852
6.14330717991598
6.03616566300148
5.92701469640685
5.81596199895819
5.70311716626028
5.58859156253912
5.47249821073871
5.35495168098117
5.23606797749979
5.11596442415691
4.99475954865942
4.87257296558616
4.7495252583429
4.62573786016092
4.50133293425722
4.37643325327405
4.25116207811726
4.12564303631251
3.99999999999999
3.87435696368748
3.74883792188274
3.62356674672594
3.49866706574279
3.37426213983909
3.25047474165711
3.12742703441383
3.00524045134059
2.88403557584309
2.76393202250022
2.64504831901884
2.5275017892613
2.41140843746088
2.29688283373972
2.18403800104182
2.07298530359314
1.96383433699852
1.85669282008402
1.75166648859149
1.64885899083011
1.5483717853881
1.45030404100525
1.3547525387054
1.26181157628525
1.17157287525381
1.08412549031436
0.999555721478163
0.917947028896849
0.83937995049724
0.763932022500216
0.691677702901755
0.622688297991946
0.557031891984229
0.494773279824545
0.435973903246532
0.380691790135922
0.328981497264079
0.280894056446995
0.236476924183102
0.195773934819387
0.158825257292231
0.125667355485477
0.0963329522450103
0.0708509970852464
0.0492466376194489
0.0315411947420898
0.01775214158768
0.00789308628691421
0.00197375853707404
0
0.0019737585370736
0.00789308628691376
0.0177521415876796
0.0315411947420889
0.049246637619448
0.0708509970852451
0.0963329522450085
0.125667355485475
0.158825257292229
0.195773934819385
0.236476924183099
0.280894056446992
0.328981497264076
0.380691790135919
0.435973903246528
0.494773279824542
0.557031891984225
0.622688297991942
0.691677702901751
0.763932022500212
0.839379950497236
0.917947028896844
0.999555721478158
1.08412549031435
1.1715728752538
1.26181157628524
1.3547525387054
1.45030404100524
1.5483717853881
1.6488589908301
1.75166648859148
1.85669282008401
1.96383433699852
2.07298530359313
2.18403800104181
2.29688283373971
2.41140843746088
2.52750178926129
2.64504831901883
2.76393202250021
2.88403557584308
3.00524045134058
3.12742703441382
3.2504747416571
3.37426213983908
3.49866706574278
3.62356674672595
3.74883792188274
3.87435696368749
4
4.12564303631252
4.25116207811726
4.37643325327406
4.50133293425722
4.62573786016092
4.7495252583429
4.87257296558617
4.99475954865942
5.11596442415691
5.23606797749979
5.35495168098117
5.47249821073871
5.58859156253913
5.70311716626029
5.81596199895819
5.92701469640686
6.03616566300149
6.14330717991598
6.24833351140852
6.3511410091699
6.45162821461191
6.54969595899477
6.64524746129461
6.73818842371476
6.82842712474619
6.91587450968565
7.00044427852184
7.08205297110316
7.16062004950277
7.23606797749979
7.30832229709825
7.37731170200806
7.44296810801577
7.50522672017545
7.56402609675347
7.61930820986407
7.67101850273592
7.719105943553
7.7635230758169
7.80422606518061
7.84117474270777
7.87433264451452
7.90366704775499
7.92914900291475
7.95075336238055
7.96845880525791
7.98224785841232
7.99210691371309
7.99802624146293
8
7.99802624146293
7.99210691371309
7.98224785841232
7.96845880525791
7.95075336238055
7.92914900291476
7.90366704775499
7.87433264451453
7.84117474270777
7.80422606518062
7.76352307581691
7.71910594355301
7.67101850273592
7.61930820986408
7.56402609675347
7.50522672017546
7.44296810801578
7.37731170200807
7.30832229709825
7.2360679774998
7.16062004950276
7.08205297110316
7.00044427852184
6.91587450968565
6.8284271247462
6.73818842371476
6.64524746129461
6.54969595899476
6.45162821461191
6.3511410091699
6.24833351140852
6.14330717991599
6.03616566300149
5.92701469640687
5.81596199895819
5.7031171662603
5.58859156253912
5.47249821073871
5.35495168098117
5.23606797749979
5.11596442415692
4.99475954865942
4.87257296558618
4.7495252583429
4.62573786016093
4.50133293425722
4.37643325327405
4.25116207811726
4.12564303631251
4
3.87435696368749
3.74883792188275
3.62356674672594
3.49866706574279
3.37426213983908
3.2504747416571
3.12742703441383
3.00524045134058
2.88403557584309
2.76393202250021
2.64504831901884
2.52750178926129
2.41140843746088
2.29688283373971
2.18403800104181
2.07298530359314
1.96383433699851
1.85669282008402
1.75166648859148
1.64885899083011
1.54837178538809
1.45030404100525
1.35475253870539
1.26181157628524
1.17157287525381
1.08412549031435
0.999555721478163
0.91794702889684
0.839379950497241
0.763932022500209
0.691677702901756
0.622688297991939
0.557031891984221
0.494773279824546
0.435973903246526
0.380691790135923
0.328981497264074
0.280894056446995
0.236476924183097
0.195773934819383
0.158825257292227
0.125667355485473
0.0963329522450103
0.0708509970852442
0.0492466376194494
0.0315411947420881
0.01775214158768
0.00789308628691332
0.0019737585370736
0
0.00197375853707404
0.00789308628691376
0.0177521415876805
0.0315411947420885
0.0492466376194503
0.0708509970852451
0.0963329522450116
0.125667355485478
0.158825257292229
0.195773934819384
0.236476924183094
0.280894056446992
0.32898149726407
0.380691790135919
0.435973903246522
0.494773279824541
0.557031891984224
0.622688297991934
0.69167770290175
0.763932022500204
0.839379950497235
0.917947028896835
0.999555721478157
1.08412549031434
1.1715728752538
1.26181157628524
1.35475253870539
1.45030404100524
1.54837178538809
1.6488589908301
1.75166648859147
1.85669282008401
1.96383433699851
2.07298530359313
2.18403800104181
2.2968828337397
2.41140843746088
2.52750178926128
2.64504831901883
2.7639320225002
2.88403557584308
3.00524045134058
3.12742703441382
3.2504747416571
3.37426213983907
3.49866706574278
3.62356674672593
3.74883792188274
3.87435696368748
